2941
3907
3371
767
1861
2680
571
3457
5305
5629
4557
2970
2719
5201
2096
905
4617
4173
612
5777
3699
2419
4647
6025
1824
4533
5296
1817
3039
462
3543
3963
5204
2519
5341
974
4139
984
3675
1565
1386
4899
5208
2525
6032
5676
3974
2655
3736
3010
431
4077
1021
3490
1058
73
899
5523
1271
1574
3773
2011
2021
2173
2110
4973
2149
2718
1323
4477
1987
2841
5205
4771
4848
1359
1067
5248
1631
2852
3209
1648
162
2279
2999
1897
3547
2090
5262
710
2701
420
293
3509
4205
3305
1475
34
4309
1211
2848
5887
4655
69
4505
3812
224
3408
3460
2830
537
456
3308
2046
851
5269
1113
5809
3414
3197
903
161
2797
1547
3967
5430
1321
3058
962
3087
5684
1201
1628
4081
5617
4555
1125
398
2723
4261
2368
5427
5169
138
4994
2393
5170
3810
3505
1053
2162
4957
2927
1206
2106
5193
1227
1161
5068
1724
2616
921
1601
3853
1904
4861
3319
2214
5871
2916
4709
3189
2619
2307
5595
5562
3597
1527
3301
3205
2492
1348
5334
663
6004
5706
570
3024
480
4977
3157
567
2628
1413
2944
2031
5865
1613
4144
1597
5455
439
1968
1985
4890
430
4170
4268
4149
2032
673
5977
4738
3731
5013
3834
3951
2383
2557
4823
3237
2084
5881
2635
2003
5861
4425
202
4862
3835
4826
2365
233
2862
4884
3689
3833
1377
2348
693
2247
595
2779
3167
3940
973
1050
4200
469
1995
4101
1740
1375
2272
3536
3618
2499
4374
1935
5752
1773
2466
4889
500
1570
3504
3735
2700
3203
993
4279
1047
237
2876
5843
3717
2861
1525
5827
3988
3966
4183
5891
1103
4552
2411
3285
1430
5101
4675
5340
2801
4867
1945
3625
5754
1094
4412
2973
2754
2022
5646
5782
5699
5805
3246
2
81
4794
593
266
3546
1392
4735
1860
5424
1259
3213
4335
3142
5910
1139
2504
5557
5321
682
3353
5001
2139
3321
3991
1611
546
5925
5530
614
4005
531
4089
1281
5312
3239
4501
1267
3217
5582
1320
354
1834
701
2171
1623
2918
698
4087
5704
4265
3268
2566
5915
769
4659
5482
2428
270
2745
4303
157
5357
3137
362
5744
3277
4824
1391
5222
4910
651
4092
2059
2994
2931
210
4213
1887
4600
3195
3432
1388
3224
4773
4455
5738
5049
1760
1901
1632
5283
220
1761
4605
1606
5382
3032
5488
3635
312
3441
3953
2029
3710
5072
3941
1135
1800
895
5078
2131
3712
5621
1869
1980
518
4715
3107
1373
2483
5251
505
2115
6030
4499
1101
3085
28
163
413
5634
2000
1354
4313
3695
1495
3555
1650
4082
3602
3989
4388
5210
1977
1809
1599
4485
1018
1298
1496
2889
5156
1099
2142
4030
3125
1952
4206
1283
3943
875
704
4204
5572
1595
4833
6002
2281
463
1169
1693
5729
1690
2559
1871
4625
3948
5226
5764
5547
5091
3331
4868
3713
2331
3646
1799
4095
2727
437
4908
5604
5575
4610
2280
4037
3830
1804
3057
3612
1908
5789
5813
2778
2087
3643
1181
5963
837
1685
3262
648
3177
2319
2174
5947
4806
4075
3780
5374
5584
5648
699
2855
1516
5009
3370
622
805
2451
4568
5237
4875
4744
2256
1684
358
3171
529
1362
2577
405
450
2913
2241
4397
5196
3438
4516
2043
753
3161
165
1292
3640
4104
123
147
4963
4351
788
1097
4319
474
1996
3815
5601
137
2978
2082
3917
1559
1066
685
4001
1146
186
635
5177
1010
1156
5223
2593
5765
3942
5106
4403
4041
4831
2397
6028
3777
4167
985
1071
5447
3299
4373
5261
3638
4249
3886
3139
5728
3435
2892
877
556
1032
884
1330
2691
678
3996
3778
4945
1389
4342
2039
3259
5306
1214
5104
3485
4482
3992
4508
386
3593
2783
5698
4247
5415
643
2790
2949
4650
943
2014
4217
2249
5734
476
2230
464
2206
630
5173
5361
6013
4443
4258
3700
409
3995
1925
1776
2261
4253
1231
327
5337
4679
3585
5036
4916
3242
1784
3971
2945
1762
1748
1934
4783
1867
3270
5333
2792
5842
5893
615
5378
1699
1254
4436
3904
3781
909
454
2101
2935
3365
5079
5714
2180
1106
4964
4590
449
1279
3779
524
3028
576
2335
2570
5501
783
1895
4809
926
1130
2452
1060
677
547
1586
4118
180
11
5041
853
4433
4286
4989
1196
3558
1756
1609
4377
5677
958
4328
5908
273
3909
5082
2914
5840
5118
4713
3836
880
4480
4116
1470
1347
4786
822
3674
1361
2860
5422
1266
3705
2161
5630
5975
5318
2359
5707
5822
3449
5779
5483
4007
5410
4740
5127
285
1944
4353
3393
4461
952
2124
3591
5329
5759
3066
5253
1276
5534
4895
78
3118
1117
2796
3114
1360
4700
4381
284
2683
2337
2634
3029
2057
4637
4593
4602
3763
349
2911
2235
95
929
5454
6001
3099
1645
3380
2544
3080
566
2251
4720
1340
1738
557
3345
5654
2872
980
2321
5209
3489
5496
4596
4370
924
3401
863
435
4585
4905
5322
2254
3442
2891
754
4965
2594
4886
935
818
2826
2341
2814
1969
4076
5435
140
610
5418
1342
1285
2597
5506
3537
2374
99
2660
4934
4733
5136
702
118
2223
1509
416
1561
3592
887
4682
4784
1976
5458
4322
5969
5033
1288
3348
2270
4966
2324
1564
4509
5750
5181
5807
523
1284
4645
3619
4042
5658
1343
4888
2263
5065
5457
1758
5837
1220
65
1369
29
271
3399
3929
3672
4453
1868
4290
2748
1511
5702
671
2103
1163
2809
3263
2905
797
1029
5605
1297
303
2849
3050
4478
2208
1567
1137
1142
348
59
1114
1150
5386
5350
3199
513
3831
4168
4219
3092
3510
426
3791
3456
4115
3701
4409
2469
3598
5461
2073
5775
5985
2282
779
4711
1463
182
4483
5855
2225
4060
2952
5939
5031
5038
2679
4507
466
252
2785
1080
981
441
4466
5825
862
3607
5140
967
5302
4652
2870
6007
2158
621
5964
3065
5421
10
411
4493
1926
1124
1992
5416
5255
1873
2643
3332
2820
3724
3819
5740
3044
1148
4272
4119
52
5267
5139
809
4346
1575
813
3479
3683
2903
3423
1055
5124
2508
3031
4952
4107
1203
2555
2976
4768
893
4765
1195
3368
3163
2547
5492
110
236
1217
3426
1785
2762
2027
3437
4825
3141
716
530
4269
5688
1264
2237
2176
4360
3865
3138
3970
839
3202
4632
2264
2132
5395
5535
4390
4774
3726
1411
534
2996
328
2122
2844
5641
5120
2704
1920
3663
1919
3844
2316
1678
737
2322
4114
4606
5300
5661
5652
4524
2661
2972
3866
2072
3418
2004
3390
2572
3846
4096
5278
4215
2489
2550
3357
2738
5540
4959
2794
5536
5163
127
5937
1143
3532
1158
1670
961
5093
3105
3412
2957
3476
802
5592
1552
3696
5195
3639
5550
3692
3374
4860
5888
4796
2303
501
5512
1594
3240
4618
3973
2846
3497
517
4514
3515
2585
2936
5323
2669
4251
658
3952
4827
1421
5071
5587
4022
2623
5385
1068
6019
2817
988
4336
5425
1577
3561
4512
1723
3424
4242
3945
300
2609
3482
4352
3450
910
2266
2144
3170
515
1806
2465
5348
5368
3175
1750
1903
1140
3444
1451
1937
1193
5528
4002
1160
5211
5607
3660
4763
1442
2198
4297
4541
823
5498
5981
4496
744
5499
4972
2726
5367
3182
3843
4224
3475
1714
2023
3754
3649
1752
4767
1031
3192
1932
4815
1972
1446
4131
5928
1579
5000
4009
5084
2943
5992
3109
5972
2211
706
296
624
5005
597
2769
4588
3486
553
3630
925
5857
1791
1602
2859
288
4995
5997
1745
3243
5263
5553
342
3955
2033
1121
5603
135
1441
3484
2188
1191
3557
460
291
445
3384
297
5568
2607
63
5755
106
549
3849
3755
3340
5075
3445
5862
1365
2301
1325
2404
436
4239
3395
2610
5938
750
5151
5902
1551
2528
3174
1717
5441
1647
68
5966
477
510
1246
1593
2278
3965
4690
1909
3518
3232
5107
5025
3208
4584
1303
3378
2333
2215
1743
2472
3737
4526
3697
3958
1587
3807
1079
4760
2734
3422
3559
1521
5650
5099
3687
3811
1397
4915
1012
1921
4691
5126
2346
3079
2874
5532
1856
5669
1301
3386
4922
4869
4532
3313
3760
5472
928
222
3901
3172
1974
2506
1982
4721
1831
847
307
3049
1828
3318
3204
1951
1667
3905
670
808
4084
1127
1407
2040
4556
3893
4121
4718
1473
4362
4317
419
1988
126
2496
2513
1434
1378
5327
1333
446
4522
2130
1923
4693
720
4909
414
3676
4762
1757
2100
3290
3529
3665
4999
193
3521
3806
1981
3462
5364
344
5257
4291
2804
2648
5949
4791
5624
647
5838
3106
5726
796
2744
3824
1796
1461
1880
2055
1215
1345
4098
369
167
179
1419
88
3464
3183
323
2138
5408
302
3615
3997
4928
3506
1221
3113
2119
4901
1709
192
4380
2901
4454
1939
5665
5833
2503
2907
19
3894
2546
4840
2966
366
550
2199
2988
4487
5766
6024
3922
